GPSXSelect GPSYSelect GPSZSelect
57.731 448.79 26.791
57.731 448.79 26.573
57.742 444.43 26.169
57.849 444.44 25.914
57.789 440.24 25.217
57.755 440.23 25.319
57.8 435.98 24.827
57.733 435.98 24.676
57.74 431.77 24.259
57.707 431.78 24.025
57.612 425.09 23.551
57.682 425.11 23.2
57.516 420.65 22.883
57.483 420.66 22.72
57.427 416.64 22.015
57.366 412.38 21.584
57.307 408.19 21.16
57.307 408.2 20.919
57.275 408.2 20.855
57.275 408.2 20.811
57.071 398.45 20.267
57.103 398.45 20.16
57.012 394.19 19.754
56.953 389.99 19.672
56.922 390 19.311
56.863 385.76 19.129
56.804 381.52 18.826
56.804 381.52 18.856
56.715 377.3 18.712
56.746 377.3 18.677
56.746 377.3 18.613
56.653 370.64 18.362
56.683 370.64 18.422
56.624 366.43 18.188
56.624 366.43 18.158
56.596 362.23 17.987
56.596 362.23 18.016
56.599 358.04 17.786
56.54 353.85 17.648
56.511 353.85 17.648
56.452 349.68 17.449
56.452 349.68 17.359
56.393 345.48 17.222
56.483 345.48 17.28
56.396 341.33 17.026
56.424 341.34 16.937
56.393 337.17 16.831
56.454 337.18 16.771
56.366 333.04 16.694
56.394 333.04 16.55
56.422 328.9 16.298
56.453 328.9 16.295
56.365 324.78 15.99
56.365 324.79 15.907
56.419 320.69 15.604
56.416 316.59 15.47
56.447 316.59 15.327
56.413 312.49 15.092
56.47 312.49 14.92
56.466 308.43 14.707
56.439 308.44 14.653
56.488 304.41 14.31
56.544 304.42 14.137
56.508 300.34 13.86
56.501 296.31 13.682
56.642 296.32 13.295
56.551 292.26 13.208
56.632 292.26 13.017
56.622 288.26 12.765
56.597 288.26 12.842
56.6 281.95 12.405
56.708 281.95 12.323
56.671 278.01 12.057
56.725 278.01 11.946
56.658 274.02 11.817
56.814 274.02 11.686
56.75 270.1 11.451
56.88 270.1 11.271
56.862 266.18 11.247
56.917 266.19 11.167
56.876 262.3 11.042
56.876 262.3 11.042
56.959 258.41 10.869
57.062 258.41 10.79
56.992 254.57 10.623
57.043 254.57 10.62
57.097 250.73 10.452
57.151 250.73 10.401
57.102 246.88 10.332
57.154 243.11 10.167
57.23 243.11 10.117
57.135 239.36 10.096
57.352 239.36 9.9516
57.256 235.61 9.9082
57.377 235.61 9.9312
57.376 231.86 9.8183
57.376 231.86 9.8183
57.518 231.86 9.7927
57.473 226.06 9.6542
57.569 226.06 9.5614
57.47 222.35 9.5181
57.701 222.35 9.4958
57.673 218.68 9.4309
57.855 218.68 9.3397
57.798 215.06 9.2544
57.937 215.06 9.2078
57.952 211.44 9.1447
57.914 207.84 9.0385
58.03 207.84 8.9713
58.041 204.25 8.8422
58.111 204.25 8.8609
58.164 200.74 8.7345
58.227 200.74 8.6922
58.255 197.16 8.6099
58.326 197.16 8.5444
58.392 193.68 8.4207
58.371 193.68 8.483
58.436 190.1 8.2956
58.484 190.1 8.2313
58.479 186.62 8.1124
58.545 186.62 8.0895
58.587 183.18 8.0305
58.583 179.75 7.9938
58.603 179.75 7.9738
58.6 176.36 7.816
58.684 176.35 7.8954
58.638 172.96 7.7801
58.697 172.96 7.7997
58.672 169.64 7.7256
58.716 169.64 7.7256
58.688 166.29 7.6316
58.618 163 7.5774
58.62 163 7.5583
58.571 159.73 7.4853
58.593 159.73 7.4853
58.522 156.47 7.4126
58.543 156.47 7.3538
58.418 153.28 7.3204
58.436 153.28 7.3204
58.387 150.07 7.2677
58.369 150.07 7.2493
58.3 146.9 7.158
58.3 146.9 7.1214
58.195 143.75 7.0519
58.213 143.75 7.0315
58.108 140.61 6.9445
58.108 140.61 6.9625
58.004 137.49 6.8203
57.949 137.49 6.8003
57.882 134.4 6.68
57.864 134.4 6.6602
57.743 131.33 6.5373
57.642 128.28 6.4548
57.66 128.28 6.47
57.507 125.26 6.352
57.488 125.26 6.3155
57.353 122.24 6.1626
57.336 122.25 6.1286
57.22 119.24 5.9948
57.184 119.24 5.9927
57.017 116.24 5.7917
56.984 116.25 5.7416
56.837 113.23 5.6095
56.674 110.27 5.4982
56.59 110.27 5.4102
56.451 107.34 5.3052
56.349 107.34 5.2525
56.158 104.39 5.0625
56.154 104.39 5.0244
56.018 101.45 4.9069
55.917 101.45 4.8374
55.78 98.521 4.7182
55.664 98.525 4.6493
55.533 95.588 4.5515
55.383 92.684 4.4031
55.254 92.688 4.3375
55.074 89.77 4.2393
55.151 89.768 4.2546
54.914 86.877 4.0346
54.725 86.882 3.9684
54.657 83.983 3.8574
54.642 83.982 3.9323
54.353 81.124 3.6889
54.269 81.127 3.6241
54.241 78.229 3.64
53.791 75.371 3.4155
53.638 75.375 3.3084
53.63 72.5 3.2683
53.415 69.624 3.1962
53.234 69.628 3.1358
53.149 66.788 3.0356
52.887 66.794 2.9055
52.815 63.957 2.8828
52.625 61.125 2.7859
52.52 61.127 2.7137
52.21 58.311 2.6071
52.201 58.311 2.6173
52.15 55.519 2.5159
52.007 55.521 2.4587
52.004 52.711 2.3276
51.791 49.946 2.2238
51.654 49.95 2.0476
51.657 47.15 1.9356
51.623 44.326 1.9075
51.594 44.328 1.7449
51.601 41.595 1.6239
51.601 41.597 1.4759
51.607 38.805 1.3819
51.625 36.099 1.228
51.691 36.099 1.0087
51.717 33.277 1.0026
51.818 33.277 0.82125
51.83 30.532 0.85399
52.006 27.768 0.44875
52.104 25.055 0.28589
52.151 25.054 0.28589
52.196 22.312 0.15004
52.32 22.31 0.070955
52.468 19.555 -0.12739
52.51 19.554 -0.088313
52.549 16.787 0.033307
52.759 14.123 0.13084
52.793 14.122 0.13084
52.885 11.506 0.12282
53.151 11.501 0.087986
53.071 8.8549 0.034891
53.115 8.854 0.056909
53.322 6.2649 0.027952
53.445 3.6205 -0.012678
53.681 3.615 -0.05695
53.651 1.0721 -0.11712
53.993 1.0633 -0.062806
54.158 -1.512 -0.05826
54.119 -4.0509 -0.06424
54.328 -4.0567 -0.10685
54.535 -6.5809 -0.091833
54.796 -9.0781 -0.13893
55.123 -9.0887 -0.16912
54.822 -11.537 -0.1439
55.255 -11.552 -0.18488
55.372 -14.013 -0.15991
55.594 -14.021 -0.13907
55.937 -16.455 -0.15498
56.153 -18.918 -0.19932
56.077 -18.915 -0.15158
56.319 -21.286 -0.18354
56.778 -21.306 -0.22241
56.381 -23.704 -0.2265
56.872 -23.726 -0.21721
56.975 -26.042 -0.23042
57.238 -26.055 -0.17423
57.346 -28.444 -0.19713
57.611 -30.8 -0.24846
57.805 -33.125 -0.26875
57.858 -33.127 -0.26875
57.982 -35.453 -0.28207
58.189 -35.465 -0.25603
57.963 -37.746 -0.22553
58.396 -37.771 -0.21591
58.471 -40.043 -0.24554
58.647 -40.053 -0.22866
58.923 -42.292 -0.27542
59.006 -44.535 -0.28716
59.25 -44.551 -0.29537
59.186 -46.777 -0.29865
59.302 -48.989 -0.29393
59.159 -51.212 -0.3533
59.427 -51.232 -0.33661
59.348 -53.406 -0.27648
59.215 -55.525 -0.27246
59.154 -55.52 -0.31059
59.074 -57.633 -0.3297
59.07 -57.632 -0.33721
58.941 -59.737 -0.37053
58.918 -59.735 -0.32611
58.798 -61.795 -0.30533
58.798 -61.795 -0.36551
58.683 -63.885 -0.32392
58.704 -63.886 -0.35266
58.586 -65.893 -0.3844
58.623 -65.896 -0.33397
58.539 -67.911 -0.33684
58.413 -69.885 -0.35339
58.471 -69.89 -0.38172
58.363 -71.917 -0.34255
58.363 -71.917 -0.35607
58.306 -73.868 -0.36613
58.357 -73.872 -0.30455
58.249 -75.849 -0.32767
58.129 -77.799 -0.38963
58.202 -77.805 -0.40978
58.001 -79.733 -0.39257
57.964 -79.731 -0.22674
57.855 -81.636 -0.094052
57.817 -81.633 -0.3689
57.65 -83.564 -0.37146
57.593 -83.559 -0.37069
57.403 -85.455 -0.41099
57.373 -85.453 -0.38681
57.174 -87.343 -0.3579
57.063 -87.334 -0.41288
56.812 -89.251 -0.4148
56.599 -91.151 -0.45832
56.328 -93.023 -0.42422
56.531 -93.039 -0.035701
55.997 -94.868 -0.40312
55.731 -96.718 -0.44475
55.449 -98.541 -0.40741
55.362 -98.536 -0.42947
55.062 -100.35 -0.42069
54.772 -102.15 -0.45932
54.584 -102.14 -0.40649
54.436 -103.95 -0.40363
54.039 -105.69 -0.44124
53.77 -107.44 -0.45255
53.74 -107.44 -0.032904
53.334 -109.15 -0.44913
53.035 -110.86 -0.48399
52.8 -112.56 -0.42843
52.754 -112.56 -0.2456
52.591 -114.25 -0.43031
52.342 -115.96 -0.49077
52.404 -115.96 -0.093013
52.247 -117.63 -0.19638
52.264 -117.63 -0.21371
52.16 -119.29 -0.23753
52.141 -119.29 -0.21101
52.074 -120.95 -0.23411
52.019 -122.57 -0.2864
52.028 -124.11 -0.24678
52.032 -124.11 -0.24279
52.16 -125.71 -0.23706
52.199 -125.72 -0.26
52.163 -127.27 -0.19773
52.285 -128.83 -0.3132
52.398 -128.83 -0.25616
52.397 -130.35 -0.21342
52.373 -131.85 -0.27877
52.298 -131.84 -0.30026
52.226 -133.33 -0.3017
52.191 -133.33 -0.29732
52.083 -134.78 -0.3447
52.062 -134.78 -0.33443
51.924 -136.24 -0.33204
51.777 -136.24 -0.35172
51.719 -137.63 -0.33997
51.527 -139.04 -0.33021
51.375 -140.4 -0.34477
51.353 -140.4 -0.3217
51.247 -141.77 -0.34207
51.186 -143.14 -0.35871
51.225 -143.15 -0.34902
51.207 -144.47 -0.33566
51.259 -144.47 -0.31418
51.324 -145.77 -0.38668
51.395 -145.77 -0.3753
51.375 -147.02 -0.37877
51.653 -147.04 -0.42531
51.719 -148.3 -0.37818
51.994 -149.51 -0.53061
52.149 -150.62 -0.47705
52.528 -150.65 -0.47737
52.792 -151.79 -0.55632
52.993 -152.83 -0.51352
53.218 -153.88 -0.51892
53.47 -154.88 -0.514
53.811 -154.91 -0.53417
54.039 -155.92 -0.5241
54.274 -156.91 -0.52895
54.493 -157.89 -0.5147
54.843 -157.94 -0.5383
55.19 -159.87 -0.54223
55.479 -159.92 -0.5332
55.607 -160.89 -0.46272
55.64 -161.83 -0.4809
55.821 -161.87 -0.46444
55.878 -162.81 -0.5084
55.881 -163.77 -0.48544
55.886 -164.66 -0.4918
56.04 -164.69 -0.4838
56.04 -165.6 -0.50019
55.959 -166.5 -0.49837
56.105 -167.35 -0.50838
56.328 -167.4 -0.47281
56.358 -168.24 -0.56263
55.979 -168.98 -0.44837
56.303 -169.83 -0.43644
56.411 -170.6 -0.43849
56.53 -171.33 -0.44372
56.663 -172.05 -0.44555
57.121 -172.87 -0.44423
