GPSXSelect GPSYSelect GPSZSelect
-6.8279 -266.09 64.738
-9.14 -266.25 65.34
-11.466 -266.4 65.924
-13.801 -266.53 66.483
-13.801 -266.53 66.483
-16.148 -266.66 67.013
-18.512 -266.77 67.515
-18.512 -266.77 67.515
-23.278 -266.99 68.482
-25.678 -267.09 68.911
-25.678 -267.09 68.911
-28.107 -267.19 69.296
-30.546 -267.28 69.66
-30.546 -267.28 69.66
-33.007 -267.37 69.98
-35.489 -267.47 70.272
-35.489 -267.47 70.272
-37.984 -267.57 70.53
-40.503 -267.67 70.74
-40.503 -267.67 70.74
-43.045 -267.77 70.947
-45.6 -267.87 71.103
-45.6 -267.87 71.103
-48.177 -267.95 71.252
-50.783 -268.02 71.371
-53.405 -268.08 71.446
-53.405 -268.08 71.446
-56.048 -268.13 71.485
-58.714 -268.17 71.48
-58.714 -268.17 71.48
-61.397 -268.18 71.449
-64.101 -268.19 71.405
-66.829 -268.19 71.32
-66.829 -268.19 71.32
-69.573 -268.2 71.201
-72.339 -268.19 71.045
-75.119 -268.19 70.864
-77.924 -268.18 70.693
-80.748 -268.17 70.53
-83.594 -268.14 70.363
-86.455 -268.09 70.204
-89.336 -268.04 70.023
-92.226 -267.95 69.883
-95.131 -267.86 69.726
-95.131 -267.86 69.726
-98.044 -267.75 69.578
-103.9 -267.53 69.274
-106.85 -267.43 69.091
-106.85 -267.43 69.091
-109.82 -267.33 68.922
-112.8 -267.23 68.748
-115.78 -267.14 68.568
-118.78 -267.05 68.388
-121.8 -266.96 68.194
-124.82 -266.85 68.013
-127.86 -266.71 67.844
-130.91 -266.56 67.678
-133.97 -266.4 67.524
-137.04 -266.23 67.345
-140.12 -266.06 67.188
-143.21 -265.88 67.058
-146.32 -265.72 66.904
-149.43 -265.56 66.761
-152.56 -265.4 66.633
-155.69 -265.23 66.519
-158.84 -265.03 66.435
-161.99 -264.84 66.354
-165.15 -264.64 66.28
-168.31 -264.42 66.211
-171.49 -264.19 66.149
-177.85 -263.68 66.081
-206.61 -261.03 66.409
-222.63 -259.29 66.846
-225.82 -258.91 66.95
-229.02 -258.52 67.052
-232.21 -258.1 67.138
-232.21 -258.1 67.138
-235.39 -257.66 67.268
-238.57 -257.18 67.41
-238.57 -257.18 67.41
-244.87 -256.03 67.757
-244.87 -256.03 67.757
-247.97 -255.33 67.93
-251.04 -254.51 68.126
-251.04 -254.51 68.126
-254.05 -253.57 68.32
-257 -252.46 68.548
-257 -252.46 68.548
-259.85 -251.2 68.833
-265.35 -248.28 69.431
-270.6 -245.01 69.993
-270.6 -245.01 69.993
-273.15 -243.26 70.23
-275.64 -241.45 70.455
-275.64 -241.45 70.455
-278.08 -239.55 70.657
-280.45 -237.58 70.828
-282.78 -235.54 71.002
-282.78 -235.54 71.002
-285.05 -233.44 71.133
-285.05 -233.44 71.133
-287.28 -231.27 71.238
-289.46 -229.06 71.331
-289.46 -229.06 71.331
-291.58 -226.78 71.402
-293.67 -224.46 71.441
-295.71 -222.08 71.451
-295.71 -222.08 71.451
-297.72 -219.67 71.443
-299.68 -217.22 71.414
-301.62 -214.72 71.371
-301.62 -214.72 71.371
-303.52 -212.2 71.304
-305.4 -209.64 71.224
-305.4 -209.64 71.224
-307.24 -207.05 71.129
-309.06 -204.43 71.001
-310.87 -201.79 70.857
-310.87 -201.79 70.857
-312.65 -199.11 70.686
-314.41 -196.42 70.488
-314.41 -196.42 70.488
-316.15 -193.69 70.264
-317.86 -190.94 70.037
-317.86 -190.94 70.037
-319.55 -188.16 69.787
-321.19 -185.34 69.524
-322.79 -182.49 69.227
-322.79 -182.49 69.227
-325.83 -176.67 68.607
-325.83 -176.67 68.607
-327.25 -173.69 68.316
-328.6 -170.67 68.004
-328.6 -170.67 68.004
-329.87 -167.61 67.697
-331.05 -164.5 67.415
-332.14 -161.35 67.161
-332.14 -161.35 67.161
-333.14 -158.15 66.944
-334.06 -154.92 66.733
-334.06 -154.92 66.733
-334.9 -151.66 66.582
-335.68 -148.38 66.39
-336.4 -145.08 66.234
-336.4 -145.08 66.234
-337.06 -141.76 66.069
-337.67 -138.42 65.919
-338.21 -135.07 65.778
-338.21 -135.07 65.778
-338.7 -131.7 65.653
-339.16 -128.32 65.509
-339.16 -128.32 65.509
-339.57 -124.94 65.373
-339.95 -121.53 65.245
-340.31 -118.13 65.108
-340.31 -118.13 65.108
-340.62 -114.71 64.98
-340.92 -111.29 64.846
-340.92 -111.29 64.846
-341.2 -107.86 64.706
-341.45 -104.43 64.569
-341.45 -104.43 64.569
-341.68 -100.98 64.414
-341.9 -97.544 64.248
-342.11 -94.089 64.083
-342.11 -94.089 64.083
-342.3 -90.638 63.927
-342.47 -87.183 63.793
-342.47 -87.183 63.793
-342.63 -83.721 63.697
-342.77 -80.256 63.615
-342.9 -76.788 63.56
-342.9 -76.788 63.56
-343.03 -73.32 63.507
-343.14 -69.848 63.47
-343.25 -66.38 63.444
-343.25 -66.38 63.444
-343.34 -62.908 63.426
-343.43 -59.435 63.421
-343.43 -59.435 63.421
-343.52 -55.965 63.421
-343.59 -52.487 63.429
-343.66 -49.017 63.438
-343.66 -49.017 63.438
-343.72 -45.542 63.447
-343.79 -42.071 63.48
-343.79 -42.071 63.48
-343.85 -38.596 63.503
-343.91 -35.124 63.519
-343.91 -35.124 63.519
-343.96 -31.654 63.537
-344.01 -28.185 63.548
-344.05 -24.711 63.563
-344.05 -24.711 63.563
-344.09 -21.236 63.579
-344.13 -17.767 63.601
-344.13 -17.767 63.601
-344.15 -14.295 63.617
-344.18 -10.822 63.623
-344.2 -7.3492 63.622
-344.2 -7.3492 63.622
-344.21 -3.8742 63.626
-344.22 -0.39835 63.61
-344.22 3.0747 63.607
-344.22 3.0747 63.607
-344.22 6.5523 63.596
-344.2 10.032 63.58
-344.2 10.032 63.58
-344.19 13.509 63.579
-344.16 16.987 63.564
-344.13 20.467 63.535
-344.13 20.467 63.535
-344.09 23.942 63.518
-344.05 27.421 63.497
-344.05 27.421 63.497
-344 30.898 63.489
-343.95 34.376 63.475
-343.89 37.852 63.477
-343.89 37.852 63.477
-343.82 41.331 63.475
-343.75 44.805 63.476
-343.75 44.805 63.476
-343.68 48.281 63.476
-343.6 51.756 63.481
-343.51 55.23 63.472
-343.43 58.701 63.47
-343.33 62.173 63.454
-343.33 62.173 63.454
-343.24 65.645 63.446
-343.13 69.118 63.438
-343.02 72.591 63.431
-343.02 72.591 63.431
-343.02 72.591 63.431
-342.8 79.534 63.441
-342.8 79.534 63.441
-344.15 85.541 63.456
-342.55 86.474 63.456
-342.41 89.944 63.47
-342.27 93.416 63.487
-342.27 93.416 63.487
-342.14 96.883 63.498
-342.14 96.883 63.498
-341.99 100.35 63.519
-341.85 103.82 63.537
-341.7 107.29 63.561
-341.7 107.29 63.561
-341.56 110.76 63.558
-341.41 114.22 63.562
-341.41 114.22 63.562
-341.25 117.69 63.568
-341.1 121.16 63.567
-340.95 124.63 63.569
-340.8 128.09 63.555
-340.8 128.09 63.555
-340.65 131.56 63.549
-340.5 135.04 63.536
-340.35 138.51 63.505
-340.21 141.97 63.474
-340.21 141.97 63.474
-340.06 145.44 63.455
-339.92 148.92 63.425
-339.92 148.92 63.425
-339.79 152.38 63.39
-339.65 155.86 63.363
-339.53 159.33 63.345
-339.53 159.33 63.345
-339.4 162.8 63.338
-339.29 166.27 63.339
-339.17 169.74 63.344
-339.06 173.21 63.347
-339.06 173.21 63.347
-338.97 176.68 63.381
-338.87 180.15 63.418
-338.87 180.15 63.418
-338.77 183.61 63.462
-338.68 187.08 63.51
-338.6 190.55 63.544
-338.6 190.55 63.544
-338.52 194.01 63.582
-338.45 197.47 63.652
-338.45 197.47 63.652
-338.38 200.93 63.721
-338.32 204.38 63.78
-338.26 207.84 63.87
-338.26 207.84 63.87
-338.2 211.29 63.94
-338.16 214.75 64.003
-338.16 214.75 64.003
-338.11 218.19 64.061
-338.06 221.64 64.134
-338.06 221.64 64.134
-338.03 225.09 64.188
-338 228.54 64.249
-337.97 231.98 64.312
-337.97 231.98 64.312
-337.94 235.43 64.368
-337.92 238.87 64.428
-337.92 238.87 64.428
-337.89 242.31 64.501
-337.87 245.75 64.575
-337.87 245.75 64.575
-337.86 249.19 64.637
-337.86 252.63 64.721
-337.86 252.63 64.721
-337.85 256.08 64.77
-337.85 259.52 64.817
-337.85 262.95 64.858
-337.86 266.39 64.912
-337.86 266.39 64.912
-337.86 269.83 64.964
-337.87 273.26 65.001
-337.87 273.26 65.001
-337.88 276.7 65.045
-337.89 280.13 65.093
-337.91 283.56 65.139
-337.91 283.56 65.139
-337.94 287 65.195
-337.97 290.43 65.244
-337.97 290.43 65.244
-338 293.86 65.297
-338.03 297.28 65.342
-338.03 297.28 65.342
-338.07 300.71 65.396
-338.12 304.14 65.449
-338.12 304.14 65.449
-338.17 307.57 65.516
-338.22 310.99 65.589
-338.28 314.42 65.656
-338.28 314.42 65.656
-338.34 317.85 65.737
-338.41 321.27 65.799
-338.49 324.7 65.857
-338.49 324.7 65.857
-338.57 328.12 65.918
-338.65 331.55 65.985
-338.73 334.97 66.055
-338.73 334.97 66.055
-338.82 338.39 66.118
-338.82 338.39 66.118
-338.91 341.81 66.187
-339 345.23 66.25
-339.1 348.65 66.307
-339.1 348.65 66.307
-339.19 352.07 66.375
-339.3 355.49 66.432
-339.3 355.49 66.432
-339.4 358.91 66.484
-339.5 362.32 66.532
-339.61 365.74 66.575
-339.61 365.74 66.575
-339.72 369.16 66.609
-339.84 372.57 66.658
-339.84 372.57 66.658
-339.96 375.99 66.685
-340.08 379.4 66.718
-340.08 379.4 66.718
-340.2 382.82 66.761
-340.33 386.23 66.793
-340.46 389.64 66.832
-340.59 393.06 66.886
-340.59 393.06 66.886
-340.72 396.47 66.947
-340.72 396.47 66.947
-340.85 399.88 67.005
-340.99 403.29 67.081
-340.99 403.29 67.081
-341.28 410.12 67.261
-341.28 410.12 67.261
-341.42 413.52 67.322
-341.42 413.52 67.322
-341.57 416.93 67.424
-341.72 420.34 67.521
-341.87 423.74 67.629
-342.03 427.15 67.753
-342.03 427.15 67.753
-342.03 427.15 67.753
-342.36 433.94 67.995
-342.36 433.94 67.995
-342.52 437.34 68.119
-342.68 440.73 68.244
-342.68 440.73 68.244
-342.85 444.13 68.365
-343.02 447.51 68.5
-343.19 450.9 68.61
-343.19 450.9 68.61
-343.36 454.29 68.718
-343.53 457.68 68.813
-343.53 457.68 68.813
-343.71 461.07 68.85
-343.88 464.47 68.842
-344.05 467.86 68.787
-344.05 467.86 68.787
-344.22 471.26 68.695
-344.39 474.66 68.58
-344.56 478.06 68.451
-344.56 478.06 68.451
-344.73 481.47 68.292
-344.91 484.89 68.12
-345.08 488.31 67.933
-345.08 488.31 67.933
-345.25 491.73 67.743
-345.25 491.73 67.743
-345.25 491.73 67.743
-345.59 498.6 67.353
-345.76 502.04 67.159
-345.76 502.04 67.159
-345.93 505.49 66.952
-345.93 505.49 66.952
-346.1 508.95 66.745
-346.27 512.41 66.543
-346.43 515.88 66.33
-346.6 519.35 66.13
-346.76 522.83 65.943
-346.91 526.32 65.752
-347.07 529.8 65.564
-347.07 529.8 65.564
-347.22 533.3 65.379
-347.36 536.8 65.194
-347.36 536.8 65.194
-347.5 540.3 65.021
-347.64 543.82 64.855
-347.64 543.82 64.855
-347.76 547.33 64.683
-347.88 550.85 64.539
-347.99 554.37 64.393
-347.99 554.37 64.393
-348.1 557.89 64.267
-348.19 561.42 64.173
-348.19 561.42 64.173
-348.28 564.94 64.114
-348.36 568.47 64.116
-348.43 571.99 64.139
-348.43 571.99 64.139
-348.49 575.51 64.201
-348.55 579.03 64.27
-348.55 579.03 64.27
-348.59 582.55 64.364
-348.62 586.06 64.499
-348.66 589.57 64.623
-348.66 589.57 64.623
-348.68 593.07 64.756
-348.7 596.56 64.932
-348.7 596.56 64.932
-348.69 600.06 65.099
-348.69 603.54 65.269
-348.68 607.03 65.423
-348.68 607.03 65.423
-348.65 610.5 65.582
-348.65 610.5 65.582
-348.62 613.97 65.758
-348.57 617.44 65.936
-348.51 620.9 66.102
-348.51 620.9 66.102
-348.45 624.36 66.263
-348.38 627.81 66.412
-348.28 631.26 66.573
-348.28 631.26 66.573
-348.17 634.7 66.743
-348.03 638.14 66.901
-348.03 638.14 66.901
-347.67 644.99 67.297
-347.67 644.99 67.297
-347.41 648.39 67.468
-347.06 651.78 67.669
-346.59 655.15 67.89
-346.59 655.15 67.89
-345.99 658.47 68.132
-345.25 661.75 68.389
-345.25 661.75 68.389
-344.36 664.97 68.683
-343.36 668.15 68.98
-342.25 671.27 69.286
-342.25 671.27 69.286
-341.07 674.37 69.579
-339.81 677.42 69.825
-338.49 680.44 70.052
-338.49 680.44 70.052
-337.1 683.43 70.243
-335.64 686.38 70.394
-335.64 686.38 70.394
-334.1 689.28 70.532
-332.49 692.15 70.631
-332.49 692.15 70.631
-330.81 694.97 70.761
-329.07 697.74 70.796
-327.26 700.48 70.851
-327.26 700.48 70.851
-325.4 703.18 70.872
-323.48 705.84 70.902
-323.48 705.84 70.902
-321.51 708.46 70.882
-319.49 711.05 70.86
-317.43 713.61 70.803
-317.43 713.61 70.803
-315.33 716.14 70.719
-313.17 718.61 70.622
-313.17 718.61 70.622
-310.96 721.06 70.546
-308.72 723.47 70.426
-308.72 723.47 70.426
-306.42 725.81 70.319
-304.07 728.12 70.193
-301.67 730.35 70.034
-299.19 732.51 69.907
-296.65 734.57 69.784
-294.02 736.54 69.707
-294.02 736.54 69.707
-291.34 738.42 69.608
-288.59 740.2 69.585
-288.59 740.2 69.585
-285.78 741.87 69.552
-282.93 743.46 69.535
-280.03 744.96 69.555
-277.09 746.37 69.554
-274.12 747.68 69.59
-274.12 747.68 69.59
-271.12 748.92 69.624
-268.09 750.07 69.632
-268.09 750.07 69.632
-265.02 751.14 69.674
-261.93 752.12 69.743
-258.83 753.05 69.783
-255.71 753.9 69.832
-255.71 753.9 69.832
-252.57 754.72 69.863
-252.57 754.72 69.863
-249.42 755.48 69.886
-246.26 756.2 69.883
-246.26 756.2 69.883
-243.09 756.89 69.871
-239.92 757.55 69.826
-236.74 758.17 69.79
-236.74 758.17 69.79
-233.53 758.8 69.687
-230.34 759.38 69.58
-227.13 759.95 69.446
-227.13 759.95 69.446
-223.91 760.52 69.27
-220.68 761.06 69.08
-220.68 761.06 69.08
-217.45 761.59 68.88
-214.2 762.1 68.641
-210.94 762.6 68.39
-210.94 762.6 68.39
-207.69 763.08 68.118
-204.41 763.55 67.826
-201.12 763.99 67.521
-197.83 764.43 67.192
-194.52 764.84 66.834
-191.2 765.25 66.448
-191.2 765.25 66.448
-187.87 765.63 66.056
-187.87 765.63 66.056
-184.53 766 65.66
-181.18 766.36 65.237
-177.81 766.71 64.799
-177.81 766.71 64.799
-174.44 767.05 64.348
-171.05 767.39 63.892
-167.65 767.71 63.425
-167.65 767.71 63.425
-164.23 768.03 62.951
-164.23 768.03 62.951
-160.81 768.35 62.468
-157.36 768.66 62.001
-157.36 768.66 62.001
-153.91 768.96 61.553
-150.43 769.25 61.137
-146.95 769.52 60.724
-146.95 769.52 60.724
-143.45 769.79 60.349
-139.94 770.05 60.015
-139.94 770.05 60.015
-136.42 770.3 59.721
-132.89 770.54 59.491
-129.35 770.79 59.303
-129.35 770.79 59.303
-125.81 771.03 59.152
-122.26 771.28 59.028
-122.26 771.28 59.028
-118.71 771.52 58.949
-115.17 771.75 58.92
-111.62 771.97 58.9
-111.62 771.97 58.9
-108.09 772.18 58.922
-104.58 772.35 58.944
-104.58 772.35 58.944
-101.09 772.51 58.923
-97.624 772.66 58.857
-94.183 772.78 58.735
-94.183 772.78 58.735
-90.77 772.87 58.582
-87.375 772.91 58.425
-83.997 772.84 58.29
-83.997 772.84 58.29
-80.647 772.67 58.161
-77.338 772.39 58.04
-77.338 772.39 58.04
-74.063 771.97 57.96
-70.828 771.41 57.908
-67.638 770.74 57.891
-67.638 770.74 57.891
-64.497 769.95 57.883
-61.406 769.08 57.871
-61.406 769.08 57.871
-58.358 768.1 57.871
-55.363 767.03 57.876
-55.363 767.03 57.876
-52.418 765.88 57.878
-49.525 764.64 57.877
-46.683 763.33 57.876
-46.683 763.33 57.876
-43.899 761.93 57.866
-41.169 760.46 57.846
-41.169 760.46 57.846
-38.496 758.9 57.821
-38.496 758.9 57.821
-33.314 755.59 57.754
-33.314 755.59 57.754
-30.801 753.84 57.725
-30.801 753.84 57.725
-28.337 752.03 57.677
-25.917 750.19 57.595
-25.917 750.19 57.595
-23.534 748.31 57.504
-21.198 746.38 57.41
-18.9 744.41 57.31
-16.635 742.42 57.198
-16.635 742.42 57.198
-14.403 740.38 57.076
-12.194 738.33 56.927
-12.194 738.33 56.927
-10.01 736.24 56.782
-7.8523 734.13 56.624
-5.7164 732 56.44
-5.7164 732 56.44
-3.6011 729.86 56.232
-1.4996 727.69 56.009
-1.4996 727.69 56.009
0.58136 725.51 55.76
2.647 723.32 55.502
2.647 723.32 55.502
4.6988 721.1 55.226
6.7331 718.87 54.939
8.758 716.63 54.643
10.77 714.38 54.326
10.77 714.38 54.326
12.768 712.1 54.004
14.751 709.81 53.661
14.751 709.81 53.661
16.722 707.51 53.307
18.674 705.19 52.932
20.601 702.85 52.528
20.601 702.85 52.528
22.495 700.49 52.117
24.34 698.1 51.702
24.34 698.1 51.702
26.128 695.66 51.287
27.849 693.19 50.877
29.472 690.64 50.503
31.002 688.04 50.153
31.002 688.04 50.153
32.404 685.38 49.847
33.69 682.64 49.584
33.69 682.64 49.584
34.87 679.87 49.353
35.965 677.05 49.126
36.969 674.2 48.912
36.969 674.2 48.912
37.896 671.33 48.697
38.751 668.45 48.489
38.751 668.45 48.489
39.536 665.54 48.278
39.536 665.54 48.278
40.933 659.7 47.9
40.933 659.7 47.9
41.558 656.76 47.745
41.558 656.76 47.745
42.147 653.8 47.578
42.702 650.85 47.411
43.231 647.88 47.226
43.231 647.88 47.226
43.729 644.9 47.072
44.201 641.93 46.912
44.201 641.93 46.912
44.654 638.94 46.755
45.085 635.96 46.605
45.501 632.97 46.459
45.501 632.97 46.459
45.894 629.97 46.306
46.278 626.98 46.152
46.278 626.98 46.152
46.65 623.99 46.004
47.011 621 45.852
47.366 618 45.697
47.72 615 45.529
47.72 615 45.529
48.068 612 45.365
48.068 612 45.365
48.412 608.99 45.19
48.742 605.98 45.019
49.067 602.97 44.831
49.067 602.97 44.831
49.376 599.95 44.636
49.675 596.94 44.448
49.675 596.94 44.448
49.963 593.93 44.258
50.24 590.93 44.073
50.516 587.92 43.852
50.516 587.92 43.852
50.79 584.92 43.628
51.063 581.93 43.376
51.063 581.93 43.376
51.336 578.94 43.116
51.605 575.95 42.87
51.605 575.95 42.87
51.874 572.95 42.614
52.133 569.96 42.361
52.133 569.96 42.361
52.378 566.96 42.09
52.607 563.97 41.808
52.828 560.99 41.503
52.828 560.99 41.503
53.04 558 41.192
53.24 555 40.891
53.24 555 40.891
53.442 552.01 40.572
53.644 549.01 40.225
53.644 549.01 40.225
53.847 546.01 39.867
54.057 543.01 39.478
54.267 540.01 39.084
54.267 540.01 39.084
54.468 537 38.706
54.658 533.98 38.315
54.658 533.98 38.315
54.838 530.97 37.92
55 527.94 37.525
55.156 524.91 37.139
55.156 524.91 37.139
55.299 521.88 36.751
55.443 518.85 36.331
55.443 518.85 36.331
55.588 515.82 35.909
55.73 512.77 35.482
55.73 512.77 35.482
55.869 509.73 35.046
55.999 506.68 34.624
55.999 506.68 34.624
56.121 503.63 34.19
56.233 500.58 33.766
56.333 497.52 33.353
56.333 497.52 33.353
56.429 494.46 32.947
56.517 491.4 32.55
56.517 491.4 32.55
56.605 488.33 32.167
56.689 485.26 31.771
56.774 482.19 31.372
56.774 482.19 31.372
56.774 482.19 31.372
56.942 476.03 30.609
57.071 469.86 29.87
57.123 466.77 29.491
57.167 463.69 29.125
57.202 460.61 28.75
57.202 460.61 28.75
57.241 457.52 28.371
57.273 454.44 27.979
57.299 451.37 27.583
57.313 448.29 27.192
57.313 448.29 27.192
57.321 445.21 26.792
57.32 442.13 26.387
57.313 439.06 25.979
57.298 435.98 25.569
57.298 435.98 25.569
57.282 432.91 25.148
57.266 429.84 24.714
57.237 426.77 24.282
57.237 426.77 24.282
57.199 423.7 23.859
57.154 420.63 23.448
57.111 417.56 23.044
57.065 414.49 22.64
57.014 411.42 22.253
56.961 408.35 21.867
56.905 405.29 21.496
56.847 402.21 21.16
56.847 402.21 21.16
56.794 399.14 20.838
56.742 396.07 20.558
56.696 392.99 20.286
56.644 389.92 20.012
56.594 386.85 19.772
56.546 383.78 19.529
56.505 380.72 19.311
56.458 377.65 19.123
56.458 377.65 19.123
56.414 374.59 18.967
56.377 371.54 18.799
56.377 371.54 18.799
56.347 368.48 18.665
56.311 365.42 18.518
56.311 365.42 18.518
56.286 362.37 18.379
56.26 359.33 18.227
56.232 356.3 18.101
56.205 353.26 17.951
56.205 353.26 17.951
56.178 350.23 17.814
56.149 347.2 17.669
56.149 347.2 17.669
56.12 344.18 17.553
56.093 341.16 17.387
56.073 338.15 17.221
56.073 338.15 17.221
56.057 335.14 17.052
56.057 335.14 17.052
56.051 332.13 16.897
56.048 329.13 16.711
56.053 326.14 16.52
56.059 323.15 16.315
56.059 323.15 16.315
56.065 320.17 16.086
56.072 317.2 15.865
56.079 314.24 15.617
56.079 314.24 15.617
56.087 311.28 15.36
56.105 308.33 15.102
56.105 308.33 15.102
56.125 305.39 14.837
56.143 302.46 14.559
56.17 299.53 14.289
56.194 296.59 14.015
56.219 293.67 13.754
56.219 293.67 13.754
56.244 290.75 13.497
56.263 287.84 13.244
56.285 284.93 12.998
56.31 282.04 12.768
56.31 282.04 12.768
56.331 279.16 12.551
56.359 276.29 12.325
56.359 276.29 12.325
56.394 273.43 12.109
56.433 270.58 11.901
56.473 267.74 11.716
56.473 267.74 11.716
56.51 264.91 11.535
56.544 262.08 11.363
56.544 262.08 11.363
56.586 259.27 11.214
56.624 256.47 11.058
56.665 253.68 10.923
56.665 253.68 10.923
56.706 250.9 10.8
56.745 248.13 10.669
56.782 245.37 10.549
56.782 245.37 10.549
56.827 242.63 10.433
56.872 239.9 10.33
56.915 237.17 10.237
56.915 237.17 10.237
56.963 234.46 10.152
57.01 231.76 10.072
57.01 231.76 10.072
57.064 229.07 9.9831
57.116 226.4 9.9037
57.174 223.73 9.8158
57.174 223.73 9.8158
57.233 221.07 9.7216
57.291 218.43 9.6486
57.354 215.79 9.5506
57.354 215.79 9.5506
57.424 213.16 9.456
57.498 210.55 9.3663
57.498 210.55 9.3663
57.572 207.95 9.2613
57.641 205.35 9.1685
57.711 202.76 9.0681
57.781 200.18 8.9722
57.781 200.18 8.9722
57.845 197.6 8.8762
57.909 195.04 8.7875
57.968 192.48 8.6993
57.968 192.48 8.6993
58.026 189.94 8.5882
58.075 187.42 8.4657
58.075 187.42 8.4657
58.128 184.91 8.3626
58.165 182.4 8.2562
58.207 179.92 8.1966
58.207 179.92 8.1966
58.239 177.46 8.1257
58.268 174.99 8.0738
58.294 172.56 8.0128
58.294 172.56 8.0128
58.31 170.13 7.9603
58.322 167.72 7.897
58.325 165.32 7.8329
58.325 165.32 7.8329
58.319 162.93 7.7845
58.3 160.56 7.7152
58.273 158.2 7.6659
58.273 158.2 7.6659
58.234 155.86 7.6
58.189 153.53 7.542
58.189 153.53 7.542
58.142 151.2 7.4742
58.087 148.89 7.4127
58.033 146.6 7.3455
58.033 146.6 7.3455
57.97 144.31 7.2814
57.911 142.04 7.2002
57.848 139.78 7.1219
57.848 139.78 7.1219
57.778 137.53 7.0398
57.703 135.28 6.9505
57.703 135.28 6.9505
57.627 133.05 6.8611
57.548 130.83 6.7636
57.465 128.62 6.6837
57.465 128.62 6.6837
57.377 126.41 6.5785
57.286 124.21 6.4932
57.191 122.02 6.3772
57.191 122.02 6.3772
57.099 119.85 6.2754
57.005 117.67 6.1607
56.899 115.5 6.0323
56.899 115.5 6.0323
56.79 113.34 5.8899
56.68 111.19 5.7535
56.567 109.04 5.6299
56.441 106.89 5.4868
56.441 106.89 5.4868
56.312 104.75 5.3586
56.172 102.62 5.2121
56.033 100.5 5.0865
56.033 100.5 5.0865
55.89 98.371 4.9559
55.74 96.248 4.8386
55.589 94.132 4.7069
55.589 94.132 4.7069
55.442 92.022 4.601
55.281 89.913 4.4847
55.119 87.807 4.3432
54.956 85.706 4.2176
54.956 85.706 4.2176
54.786 83.618 4.0951
54.786 83.618 4.0951
54.614 81.527 3.9764
54.428 79.437 3.8437
54.251 77.357 3.7455
54.061 75.279 3.6349
53.871 73.198 3.5304
53.871 73.198 3.5304
53.684 71.137 3.4304
53.492 69.068 3.3302
53.304 67.009 3.2317
53.107 64.95 3.1314
52.917 62.901 3.0269
52.917 62.901 3.0269
52.734 60.854 2.933
52.549 58.805 2.8375
52.369 56.769 2.7579
52.369 56.769 2.7579
52.206 54.726 2.6653
52.056 52.7 2.5603
51.918 50.669 2.4338
51.805 48.648 2.3175
51.719 46.624 2.2027
51.652 44.609 2.061
51.617 42.586 1.9217
51.617 42.586 1.9217
51.598 40.577 1.7756
51.592 38.568 1.6298
51.608 36.564 1.4712
51.63 34.559 1.3109
51.63 34.559 1.3109
51.662 32.558 1.1449
51.706 30.559 0.99246
51.764 28.556 0.8362
51.828 26.559 0.6645
51.828 26.559 0.6645
51.896 24.566 0.5114
52.068 20.572 0.24451
52.068 20.572 0.24451
52.16 18.576 0.1171
52.256 16.619 0.13121
52.377 14.689 0.1739
52.377 14.689 0.1739
52.494 12.769 0.17655
52.621 10.848 0.13783
52.754 8.9379 0.12181
52.754 8.9379 0.12181
52.891 7.0367 0.1054
53.033 5.143 0.084158
53.176 3.2525 0.052476
53.325 1.3799 0.023087
53.496 -0.47124 0.038443
53.676 -2.3077 0.027049
53.676 -2.3077 0.027049
53.857 -4.1383 0.004833
54.045 -5.9601 -0.005141
54.236 -7.7773 -0.023644
54.439 -9.5847 -0.035522
54.439 -9.5847 -0.035522
54.649 -11.385 -0.062118
54.862 -13.17 -0.055712
55.083 -14.942 -0.046388
55.305 -16.715 -0.07377
55.523 -18.477 -0.099942
55.523 -18.477 -0.099942
55.758 -20.228 -0.083084
55.977 -21.975 -0.095922
55.977 -21.975 -0.095922
56.199 -23.706 -0.10754
56.415 -25.431 -0.1135
56.62 -27.146 -0.091055
56.83 -28.861 -0.097654
57.033 -30.564 -0.14578
57.249 -32.252 -0.13137
57.249 -32.252 -0.13137
57.631 -35.603 -0.15203
57.631 -35.603 -0.15203
57.631 -35.603 -0.15203
57.802 -37.262 -0.13324
57.97 -38.919 -0.13953
58.15 -40.566 -0.13788
58.313 -42.212 -0.16652
58.468 -43.85 -0.16994
58.616 -45.471 -0.17691
58.741 -47.089 -0.17823
58.846 -48.697 -0.17929
58.948 -50.304 -0.20521
59.005 -51.883 -0.18124
59.03 -53.452 -0.18131
59.028 -55.008 -0.17332
59.028 -55.008 -0.17332
59.008 -56.562 -0.20339
58.954 -58.087 -0.19686
58.875 -59.611 -0.22472
58.875 -59.611 -0.22472
58.771 -61.103 -0.19509
58.668 -62.595 -0.23221
58.579 -64.08 -0.21463
58.579 -64.08 -0.21463
58.484 -65.555 -0.23568
58.408 -67.012 -0.22462
58.34 -68.467 -0.21988
58.34 -68.467 -0.21988
58.293 -69.921 -0.24471
58.247 -71.363 -0.23209
58.213 -72.796 -0.24943
58.213 -72.796 -0.24943
58.179 -74.218 -0.21988
58.142 -75.637 -0.22544
58.099 -77.066 -0.25164
58.029 -78.474 -0.26221
57.938 -79.863 -0.24892
57.938 -79.863 -0.24892
57.84 -81.259 -0.26042
57.722 -82.648 -0.25343
57.722 -82.648 -0.25343
57.585 -84.036 -0.25223
57.44 -85.419 -0.27478
57.44 -85.419 -0.27478
57.291 -86.792 -0.25065
57.126 -88.174 -0.28311
56.957 -89.547 -0.28143
56.776 -90.922 -0.30873
56.582 -92.278 -0.29347
56.407 -93.64 -0.30902
56.212 -94.988 -0.29278
56.002 -96.329 -0.31153
55.776 -97.647 -0.28873
55.567 -98.971 -0.30706
55.346 -100.28 -0.31147
55.114 -101.58 -0.32138
54.885 -102.87 -0.31023
54.657 -104.16 -0.3088
54.407 -105.44 -0.31724
54.166 -106.7 -0.32464
53.921 -107.95 -0.32034
53.67 -109.2 -0.32523
53.433 -110.44 -0.33847
53.204 -111.67 -0.32818
52.982 -112.91 -0.34686
52.785 -114.13 -0.32788
52.595 -115.36 -0.3572
52.43 -116.57 -0.34802
52.43 -116.57 -0.34802
52.306 -117.78 -0.35046
52.196 -118.98 -0.35764
52.109 -120.17 -0.34756
52.063 -121.34 -0.36362
52.038 -122.51 -0.37266
52.028 -123.66 -0.36706
52.028 -123.66 -0.36706
52.039 -124.81 -0.37004
52.06 -125.95 -0.36324
52.108 -127.08 -0.38271
52.147 -128.2 -0.386
52.18 -129.31 -0.37486
52.201 -130.41 -0.3637
52.226 -131.51 -0.38503
52.221 -132.6 -0.39028
52.221 -132.6 -0.39028
52.167 -133.65 -0.37683
52.091 -134.71 -0.4024
51.992 -135.75 -0.39856
51.992 -135.75 -0.39856
51.877 -136.77 -0.39523
51.755 -137.79 -0.40927
51.627 -138.8 -0.39556
51.502 -139.8 -0.40774
51.399 -140.79 -0.3902
51.307 -141.78 -0.39917
51.242 -142.76 -0.40596
51.207 -143.73 -0.39586
51.207 -143.73 -0.39586
51.204 -144.68 -0.38414
51.202 -145.63 -0.42038
51.202 -145.63 -0.42038
51.202 -145.63 -0.42038
51.316 -147.47 -0.41276
51.424 -148.36 -0.40531
51.56 -149.23 -0.41765
51.723 -150.07 -0.38854
51.923 -150.9 -0.39993
52.151 -151.71 -0.43293
52.656 -153.23 -0.39775
52.656 -153.23 -0.39775
53.225 -154.73 -0.42022
53.498 -155.45 -0.41002
53.78 -156.16 -0.41501
54.051 -156.87 -0.40343
54.322 -157.59 -0.43029
54.556 -158.3 -0.41639
54.967 -159.71 -0.42876
55.143 -160.42 -0.43568
55.281 -161.12 -0.44435
55.281 -161.12 -0.44435
55.399 -161.81 -0.44138
55.491 -162.51 -0.46051
55.584 -163.19 -0.45719
55.645 -163.87 -0.45601
55.758 -165.21 -0.45949
55.758 -165.21 -0.45949
55.792 -165.86 -0.45193
55.936 -167.14 -0.45511
55.936 -167.14 -0.45511
56.011 -167.78 -0.45362
56.219 -169.01 -0.43845
56.362 -169.61 -0.43593
56.683 -170.78 -0.44281
56.87 -171.34 -0.44679
57.052 -171.9 -0.44299
57.425 -173.01 -0.44975
